52	6955	7602    5220    6143    1       824
52	7602    7845    5505    6143    1       824
53	6200    7271    4129    5293    1       742
54	5137    6177    5180    6230    1       845
55	9050    9993    3764    4837    1       720
56	10569   11455   3951    4252    1       817
56	10569   11557   4252    5072    1       817
56	11708   11924   3387    3807    283     427
57      2340    3450    7875    8705    1       434
58	10600   11691   8000    9310    1       977
6	10400   11400   8400    9400    990     1954 
59	1860    2465    9173    10040   200     1060
9	13680   14408   238     1295    2965    3830 
10	9902    10869   2084    3367    1202    2213
60	1792    2469    9509    10080   1       326
61	10632   11645   2500    3390    104     1040
62  	7166    7944    1540    2500    1       750	
12	6150    7157    4463    5518    1369    2350
15	8106    8980    6489    7522    540     1618
17	8098    8987    5233    6575    1711    2850
19	8021    9049    3298    4449    2106    3191
22	3947    5003    2469    3350    1722    2484
23	7039    8010    2028    2985    2108    3095
24	11520   12012   4943    5935    2660    3747
24	12012   12440   5084    6130    2660    3747
24	12440   12620   5291    6051    2660    3747
26	7124    7891    6386    7666    208     1171
27  	8416    9150    2089    3091    3022    3999
28  	10427   11392   7504    8632    2536    3537
28      10769   11166   8632    8722    2858    3537
29	13944   14305   2648    4069    1866    2687
30	10489   11304   4416    5867    1229    2116
31	8882    9728    2804    3737    1106    2045
32	9750    10569   6656    8197    1060    2000
33	4765    5689    7700    9000    1686    2653
34	6395    7467    7937    8853    980     1925
35	1874    2993    3523    4656    1899    2830
36	2435    3406    4500    5533    1388    2338
37	2160    3223    5734    6741    2472    3272
51	7343    8715    161     899     2620    3515
64	4836    5348    1159    2168    158     1071
64      5348    5742    1159    2292    158     1071
68	7690    8654    8011    9017    3064    3968
69	5270    6466    7300    8354    3464    4096               
70	9692    10931   6335    7573    3532    4096
71	9216    10184   8481    9886    2989    3936    
72	245     850     8840    9832    2958    3880
74	11180   12000   2250    3587    3464    4096
39	8424    9482    1623    2586    608     1534
40	2938    3720    994     2007    743     1681
41	998     2018    1996    2534    2777    3586
41	998     1920    1638    1996    3287    3586
41	998     1920    1606    1996    2777    3287
42	9496    10467   1       552     1752    2693
47      220     944     6947    8020    2553    3520
46      612     1239    2863    3700    603     1332
44      110     737     6551    7411    1320    1956
66      3009    4023    2517    3245    1       315
73      2636    3866    9064    9991    3384    4096
75      12287   13223   2428    3528    3595    4096
38      1046    1665    1011    1900    1831    2712
63      5968    6372    827     1831    1       780
63      6372    6578    827     1949    1       780
63      6578    7000    1104    2009    1       780
